v [   0.    0. 2000.]
d 3.42281578726153 0.5734816398759914 1.2265177740524817 1.5285647115745746 0.9675689605251862 2.199435577349576 2.0
v [    3.18530583     0.         -1999.99746346]
d 2.7213994026259556 0.7076845664174353 1.4918951266061198 1.528958509283861 1.0109168428395028 2.105123835797616 -1.999997463455079
v [1.59265292e+00 1.99999873e+03 1.59265342e+00]
d 0.009060841445071452 0.15661182780789093 0.6797525167010808 1.9809482965000935 1.2308523765163704 1.5059521565264997 0.0015926534214665267
v [-1.99999683e+03  3.18530482e+00  1.59265342e+00]
d 0.9440719480659803 0.7049534786408884 4.793520339541208 2.242769882939439 1.2980797421635821 1.6394257043018956 0.0015926534214665267
v [1.99999937e+03 0.00000000e+00 1.59265342e+00]
d 3.5749118238573976 0.6963696658349018 1.5780182434669268 2.229475544905422 1.0074772813390012 2.1123110973023747 0.0015926534214665267
v [-2.47773191e+01 -1.99984588e+03  1.59265342e+00]
d 4.661316183078324 0.7534885869954271 1.3450225949825838 1.8742070140321294 1.3707099085381307 1.7528186901127374 0.0015926534214665267
v [ 531.27934512  574.75389889 1840.48912335]
d 1.8507448525738217 0.68548734274361 1.9163202148533014 1.5177054373305943 1.2924345736792298 1.6465867121304805 1.840489123347931
v [   10.19678617    11.03118851 -1999.94358381]
d 1.0966916225223804 0.6478515193282796 3.2077587834605565 1.5271180186401938 1.2903250185366417 1.6492783688594947 -1.9999435838122206
v [-1170.72194601  1083.89832099 -1206.05744262]
d 2.1807738071754637 0.8521815764171293 2.122535453251238 1.749891632362423 1.2958809149322645 1.6422073335202605 -1.2060574426189146
v [ -939.89624144 -1013.56460515 -1445.43482957]
d 2.521121268033814 0.7473030634542297 1.6638388434965186 1.4532368555529995 1.3047623579355399 1.631028921801441 -1.4454348295653339
v [  922.30138294   997.77324429 -1467.5860152 ]
d 3.826438089040127 0.8864435032005722 1.6395465412293988 1.6544492925399332 1.2947769280707626 1.643607555659506 -1.467586015199699
v [ 1556.64107291 -1205.16140031  -352.78119185]
d 5.124302366012534 0.7082905808653231 1.2714738577578506 1.9324319800442498 1.2777232749529481 1.6655448666932715 -0.3527811918475808
v [ 561.70297445  676.34534554 1796.39826933]
d 2.8474420324871383 0.5730801340235844 1.3021742367444837 1.532699767125528 1.2944951773108961 1.643965642065223 1.7963982693309177
v [  -23.33936921   185.63862577 -1991.22916172]
d 0.9526804236894064 0.11960109465598875 0.6747472374106291 1.5010361133964083 1.2982424277420883 1.6392201459414046 -1.9912291617158397
v [ -409.4758482    340.61992572 -1927.77270339]
d 1.1256013308493964 0.7237852415590573 3.0696621966375295 1.495629976252067 1.300850638900103 1.6359335024581052 -1.927772703392104
v [-1265.66355191 -1519.05389164  -300.95024116]
d 2.53528012510418 0.6698093082157865 1.5961729351350997 1.8684741452571911 1.2873011595389563 1.6531526284795153 -0.30095024116227187
v [  395.13644009   475.78293914 -1901.9720788 ]
d 1.1417634597192157 0.7538374086091435 3.8231127152356974 1.5117861253954636 1.2901759322883335 1.64946895118108 -1.901972078799382
v [ 1497.93905972 -1037.52214444  -824.4551978 ]
d 5.890327618013531 0.6915850975919217 1.1588497200922736 1.8693424604091344 1.298760462790602 1.638566341417083 -0.8244551977958168
v [-587.4853072  1838.89669222  522.80012354]
d 12.249262175800416 0.1902274366009314 0.6288237703985431 1.8326413765858915 1.304851572643593 1.630917753355471 0.522800123540725
v [ -776.99009343   369.05957958 -1805.56955597]
d 1.6184612799830895 0.8078759191577541 2.779935926262979 1.5402113973714393 1.2933472946912514 1.6454243578703522 -1.8055695559670482
v [-1826.00612751  -581.7649638   -572.05869383]
d 1.5583122937680869 0.8347543660913146 3.3478407553311116 2.129943504340336 1.2904451017571996 1.6491250132521804 -0.5720586938320101
v [-1225.07457909  -445.19573299  1516.90244742]
d 2.2274729107231663 0.9259539418671476 2.529133809820959 1.7162851046392968 1.3068898144533923 1.6283741534922929 1.5169024474235169
v [-491.07432017 1537.11919589 1181.57123767]
d 1.4823460836846551 0.9078584920110462 3.748829288721346 1.6074363931514866 1.289833631325585 1.6499070450901099 1.1815712376651646
v [ 1241.09928398  -731.44945892 -1387.31908959]
d 4.210076086353938 0.8389209015853133 1.493518308143425 1.6876573720933858 1.30384362848028 1.6321781963617554 -1.3873190895934586
v [-915.28385207 1767.91433613  191.66212528]
d 1.096173539470357 0.7350936648802345 4.570901249337573 2.0306851113006523 1.3147581900371417 1.618628666216131 0.19166212527878312
v [-1902.97432437   536.80451452  -300.88142844]
d 1.5464440224037448 0.8183258745991074 3.3138942183050597 2.166000834725467 1.3280338083386332 1.6024481320989918 -0.3008814284390532
v [-1955.46034835   310.68620806   282.22137789]
d 2.1231563889416725 0.8773517596246173 2.6093008779285873 2.196808492834649 1.3183011519823993 1.6142785677888611 0.282221377893661
v [-1252.34264484   104.30847604  1555.87841483]
d 1.1018580570121916 0.7979604289495742 4.4201492042996255 1.7626082660794729 1.294585442247015 1.643851016603805 1.5558784148310159
v [  26.74777824 1788.75230695  894.23136869]
d 0.1826454953137836 0.16623231431260138 0.6816189765575347 1.6384204709611818 1.296629652983803 1.6412593915471911 0.8942313686850694
v [  832.62674316 -1200.03601537 -1366.2526371 ]
d 4.753847415001992 0.7776349608474485 1.3570073122075983 1.4893972756307245 1.308526711826221 1.6263367974358423 -1.3662526371009218
v [-637.97999559 1835.35281654  473.77374773]
d 5.885847790735635 0.594839956777115 1.1764489241556524 1.8607377496017985 1.2988810139763547 1.2392686524419474 0.47377374772679953
v [-1581.36938661  1010.12213186   692.0434537 ]
d 1.2133993711101265 0.7978183430933119 4.364156505017702 2.0490114024644144 1.3005654274797178 1.6362925788523506 0.6920434537047406
v [-1216.22866861   947.64092423  1273.8777431 ]
d 11.030370649163533 0.17266167531981888 0.6703152978799003 1.7947897293218198 1.2892518478755115 1.6506515765907432 1.2738777431041757
v [-934.15291461 1335.52295887 1159.19660044]
d 2.229898776251732 0.9959053586851253 2.6697610411503336 1.7272112967868885 1.2974766071883463 1.6401880261486046 1.1591966004352032
v [ 831.00430984 1791.10816219  318.37617432]
d 4.069295424854588 0.24700209675990198 0.7715462676233648 1.920036742652231 1.3112314549641018 1.6229822992697052 0.31837617432030924
v [  197.88384581 -1928.83691582  -490.3367575 ]
d 5.991661365467728 0.6253020716713286 1.1515316566446276 1.7869032262174642 1.3260420401603044 1.6048549573989708 -0.4903367574951326
v [-183.61055477 1773.1842397   906.69995934]
d 6.9550838265929675 0.5532839747788727 1.0319958268829965 1.6441390825323916 1.2880153642558605 1.6522361878406133 0.906699959336917
v [-222.378299   1087.65730473 1663.59534731]
d 1.881111328939851 0.9481463142281988 2.804963316363776 1.5352020018980337 1.2916035841175861 1.6476460900905197 1.6635953473137561
v [ -22.55500488  820.41160539 1823.84650382]
d 1.7205465737873253 0.8183800416969413 2.807599930342047 1.5352745080486279 1.2873953015940127 1.653031972917167 1.8238465038201253
v [-771.91520285 1761.78454452  547.96180368]
d 2.104927350886907 0.9453830852578651 2.808883854523778 1.8579767553744957 1.3105144399583577 1.228267674733943 0.5479618036771283
v [ 368.08318321 1947.16011898 -270.3372732 ]
d 6.880937554974351 0.4590976522919033 1.0117766458003419 1.8756685731800649 1.280905227982644 1.6614072090591776 -0.27033727320490997
v [-1050.55071488 -1063.7181782   1328.47537909]
d 5.8492689264859585 0.7252678507357126 1.1629053821209918 1.5564891666935992 1.3013916654138744 1.6352537455674057 1.3284753790878063
v [  69.87517568 1630.27618893 1156.42423342]
d 0.4948525536987822 0.1635464432851566 0.691390549975518 1.5605475615823832 1.293154310971697 1.6456702632179676 1.1564242334157555
v [ 487.93629526  660.5798348  1823.60973172]
d 2.6975807530749014 0.5627828901331158 1.2608225752973312 1.5208560345488422 1.2978177395208936 1.6397569015383162 1.823609731722343
v [  83.75396042 1973.7837983   311.70946676]
d 0.4965247731184731 0.16208203991415251 0.684171762194875 1.8653500275892343 1.2827639302768568 1.6590001831895418 0.3117094667563203
v [-1564.22575303   940.93040926  -817.21952894]
d 3.372279075887674 0.8762184162558478 1.6692391189963884 1.9448877765993535 1.3077006422946618 1.6273643062875494 -0.8172195289405583
v [-1321.69708613  1495.46829289  -129.19519146]
d 1.5440872022537064 0.7512443188154618 2.440791400589467 2.119223975566423 1.3150740926907398 1.6182398447088946 -0.12919519146313344
v [-1515.18879888 -1305.05779024   -32.04789949]
d 1.0009337889498666 0.6691947919448893 3.7587144288894274 1.9518132009820046 1.2862101997721078 1.6545548277518038 -0.03204789949175202
v [-190.41223397 1775.77318711  900.20707012]
d 7.11147300793852 0.5593310505079958 0.006810764857450098 1.6467245131656674 1.2886407351748939 1.6514343658625819 0.9002070701230612
v [ 176.17655965 1952.95954796  393.58712361]
d 1.0614012057288627 0.1639142089047047 0.6762031592255588 1.8298843450353532 1.2993084503757906 1.6378755904363924 0.3935871236067961
v [-1442.3909715   1127.86540632  -804.62905154]
d 4.242889198311768 0.7062914658581442 1.2871999521956783 1.9231332375608856 1.3056456581566473 1.6299256504128101 -0.8046290515392999
v [-1547.61081854    89.71453707 -1263.66611736]
d 4.647108144995006 0.83146824690918 1.404686045139377 1.8860938314875293 1.283751915904094 1.6577232113269307 -1.2636661173643515
v [-1755.66334818   340.89589704   895.22968854]
d 3.985062307200043 0.8956959467522136 1.6218674758002245 1.9783994987246498 1.3109419349943985 1.6233408211982252 0.8952296885382834
v [-1063.61038352   260.38438186 -1673.59879474]
d 2.9938487453877265 0.8739841759219124 1.8612207343659648 1.6210300707161864 1.3064751763966527 1.6288906060505246 -1.6735987947409936
v [-1203.37104516  1590.61247936  -147.81768556]
d 1.8101263616765544 0.7224970490597532 1.9946598307271721 2.073542469143299 1.3192531449053524 1.6131136800808845 -0.1478176855629185
v [-1088.47940246   797.99124911 -1475.94801967]
d 0.9169961180971289 0.6968869614619464 4.467384480051052 1.6845072874802802 1.2951917268950097 1.6430811729877712 -1.4759480196660866
v [-1470.98307566  -561.28160016 -1233.35791904]
d 1.910840535034552 0.8956605140701741 2.799305107426124 1.779575302186617 1.3036555889507817 1.6324137806154713 -1.2333579190404291
v [-1316.98497129  -407.7354019  -1448.89696923]
d 3.8295462570712346 0.7920887053979266 1.5458836084969925 1.719165896124361 1.306501363241532 1.6288579574006063 -1.4488969692264873
v [-769.83840597 1406.54290074 1195.40198137]
d 1.6258854593094867 0.9266230442074738 3.4652376139278944 1.6694845392980315 1.2960871956618534 1.6419463153723348 1.195401981371229
v [-888.25976186 1699.73797027 -567.34947596]
d 2.329229817500275 0.5795410281668364 1.3782235292995786 1.8299842150856953 1.3096296245114059 1.6249673256846064 -0.5673494759648955
v [-1542.72826304   834.26052283  -961.24860804]
d 2.7250120249443857 0.9518177724604908 2.0326800283424644 1.898465223889325 1.2963509258935264 1.641612086721665 -0.9612486080383759
v [-1976.32830395  -243.29114085   186.91135812]
d 1.146996882454317 0.7675331473674833 4.216302586369989 2.186385499082886 1.2932985480923616 1.6454864955006303 0.18691135811727383
v [-1432.81256438 -1395.32980634    10.14331753]
d 0.831489548553459 0.6232746145159135 5.3848854583849715 1.9329358050424148 1.2815517118296833 1.6605691958370041 0.010143317526226882
v [-1545.63818716  1227.91450988   321.29200243]
d 1.2928308821526424 0.7962697881858898 4.0207270666849535 2.195196939752073 1.321721761475354 1.6101008227034748 0.3212920024285916
v [ 818.38413727 1607.95056651  862.98457664]
d 4.832246918173072 0.22774075153360412 0.7280581103924352 1.7196767889908533 1.3095630128733973 1.6250501689482106 0.8629845766446986
v [-527.95631503 1457.48301693 1263.72678407]
d 3.7973043647889764 0.9782581382223772 1.6869975840115217 1.5985097786982352 1.2890647477483177 1.6508911589084447 1.2637267840656279
v [-628.40729716 1836.22223605  483.1067881 ]
d 5.840500359048157 0.5858580703894847 1.185820847285957 1.8553227896153979 1.2973763732756913 1.240705902334831 0.48310678810456686
v [-1582.05097309   872.00026911   858.32991863]
d 7.140476471532488 0.48775681508629165 0.9935478298139419 1.9832495472496336 1.3006561876715326 1.6361783978491544 0.8583299186344503
v [-1824.68685384  -432.57116309   695.26978525]
d 1.2381885672848598 0.8100038925409457 4.248904975642658 2.074820951990771 1.293187676218236 1.4299410567234208 0.6952697852479683
v [-852.51424332 1392.11025936 1155.52952828]
d 2.9923217291071844 1.0160323814323169 2.0911517860655198 1.7006240995667128 1.2959184292353774 1.6421601447352476 1.1555295282782196
v [1381.30199884 1217.13788185 -781.39629163]
d 6.881656608924987 0.5219648171602791 1.0280332257395903 1.925149964314661 1.303336760199435 1.6328129804044766 -0.7813962916298838
v [-526.08348488  633.5434776  1822.59672691]
d 2.2723928893990224 0.8054322977108848 2.2236590925757698 1.5322160355407939 1.2892723099114345 1.6506253791058543 1.8225967269073862
v [ 399.92368329  506.165629   1893.10786897]
d 2.088812127844078 0.637827750764248 1.5553720123441703 1.500582544852534 1.296913886207095 1.640899691144505 1.893107868970558
v [-1110.4653363    798.51855888  1459.18979163]
d 1.0653622105909308 0.7479050396837599 4.638331052166299 1.7370954279458586 1.286576537782313 1.6540839451234532 1.4591897916301793
v [-1454.96747587  -165.26252152  1362.26206845]
d 1.6078080936346284 0.8364978847392402 3.393551396770646 1.8610495473845183 1.2995747327590519 1.6375399903322099 1.36226206844808
v [-605.13724708 1767.59804846  713.72687444]
d 1.3474549857884317 0.8658676842970493 4.0605759705096585 1.7637972921348006 1.2985938342159873 1.6387769133395462 0.7137268744386004
v [  196.5555378   1366.95391303 -1446.6523149 ]
d 4.007403847406973 0.8740268023879829 1.5936384506084607 1.513713236374549 1.2883718383180593 1.6517786857627248 -1.4466523148974413
v [-877.03005337  730.7935017  1642.18121514]
d 0.0 0.0 0.0 1.6342914146060339 1.2849343569962803 1.6561979090457168 1.6421812151400061
v [1397.79768247  232.63422483 1411.39751889]
d 4.542421098946515 0.8073756711105007 1.3907069394421858 1.7823098924026788 1.2862003249805867 1.6545677636571603 1.4113975188866983
v [-381.3977181  1513.87854788 1250.0830064 ]
d 2.2465898931954427 0.986374362213497 2.6421801039576 1.5751942855683667 1.2909215464940214 1.648516597385725 1.250083006398236
v [-1064.10884394   418.86662829  1640.79953557]
d 12.648752314279774 0.1676514044064408 0.5541305593725095 1.6676399861600517 1.295541331214285 1.6426381343801757 1.6407995355740435
v [ -989.20991781  1375.57617843 -1062.66359486]
d 3.053234673467439 0.6928599253701957 1.3346163680383452 1.7200649479311454 1.2929522425969162 1.6459271052396918 -1.0626635948586447
v [-978.11535131 1626.73908614 -630.0875377 ]
d 1.8738012463668174 0.7315242952126717 1.8149931130296388 1.8307196583145757 1.3109632177700166 1.6233143079327572 -0.630087537697669
v [-1090.48858395   726.58003383  1510.93219659]
d 8.498692592543936 0.31086368789654606 0.8074253567313893 1.7202585150335103 1.2881644301243433 1.6520449917351168 1.51093219659427
v [  34.89601864   37.09563465 1999.35144029]
d 4.90621629401751 0.14992410780421356 0.6601875196263414 1.5215938074362103 1.3007821570505538 1.6360199775061453 1.9993514402858883
v [-894.86561111 1705.50453049  538.95253459]
d 1.1789414832395886 0.8254795979557462 4.51135882745783 1.8896667219915722 1.310616741545883 1.623743608514324 0.5389525345864853
v [-361.61047383  556.90340267 1886.556775  ]
d 1.80987605000713 0.8532476755990274 2.5851286713045645 1.506926565609367 1.2870033723971133 1.653535368252012 1.8865567750037175
v [-1839.58250482   561.65158592   548.16393898]
d 2.113225607148417 0.9290175235128266 2.7283885717318244 2.103249444392828 1.3105092533305762 1.4144156047268834 0.548163938975667
v [-1239.40492183  1089.46473423  1130.01859835]
d 1.9608959046922456 0.926790501438263 2.9648249575383567 1.8389358815487542 1.3017256600540767 1.6348341748366821 1.1300185983453397
v [-1351.03385471   539.97416868  1372.273814  ]
d 2.0823112855051464 0.9302598686994029 2.7184891776268967 1.8079958761048833 1.2904718533504258 1.649091059051838 1.372273813997877
